1458 -34.46 22 -0.35 -2.21 -0.56 332.14
560 -34.46 22 -0.35 1.96 0.89 332.14
227 33.20 22 -0.35 1.75 0.46 332.32
223 33.20 22 -0.35 -1.93 -0.84 332.32
1458 -35.00 19 -0.29 -2.21 -0.56 332.39
1072 -35.00 19 -0.29 -0.84 -0.16 332.39
560 -33.46 21 -0.22 1.96 0.89 332.65
223 32.23 21 -0.23 -1.93 -0.84 332.83
227 34.98 4 -0.10 1.75 0.46 333.33
1072 -35.96 8 0.00 -0.84 -0.16 333.53
228 27.93 21 -0.27 -0.53 -0.34 333.58
229 27.93 21 -0.27 -4.96 -1.52 333.58
1515 -27.93 21 -0.27 5.70 1.71 333.59
1157 -27.93 21 -0.27 0.53 0.34 333.59
241 37.34 4 -0.19 6.22 0.90 333.67
240 37.34 4 -0.19 0.93 -0.08 333.67
228 26.67 1 0.00 -0.53 -0.34 335.98
1215 26.17 1 0.00 -0.39 -0.40 335.98
1215 26.17 0 0.00 -0.39 -0.40 335.98
1157 -26.67 1 0.00 0.53 0.34 335.98
1119 -26.16 0 0.00 0.39 0.40 335.98
1119 -26.16 1 0.00 0.39 0.40 335.98
240 40.44 8 0.00 0.93 -0.08 337.02
222 -39.19 8 0.00 -1.28 0.15 337.02
1709 -46.69 8 -0.21 -0.94 0.08 343.77
1279 -46.69 8 -0.21 -0.32 0.21 343.77
136 46.70 8 -0.21 0.32 -0.21 343.77
242 46.70 8 -0.21 0.94 -0.08 343.77
1279 -48.17 15 0.00 -0.32 0.21 348.32
1925 -48.09 15 0.00 -0.35 0.21 348.32
136 48.18 15 0.00 0.32 -0.21 348.32
134 48.09 15 0.00 0.35 -0.21 348.32
1230 19.06 0 -0.16 0.00 0.18 353.72
1216 19.06 0 -0.16 -0.64 0.08 353.72
1867 -19.06 0 -0.16 -0.00 -0.18 353.72
2042 -19.06 0 -0.16 0.64 -0.08 353.72
1213 19.03 1 -16.11 -0.39 -0.38 353.76
1212 19.03 16 -1.09 -0.15 -0.11 353.76
1212 19.03 17 -0.31 -0.15 -0.11 353.76
1213 19.03 16 -1.09 -0.39 -0.38 353.76
1234 19.03 2 0.00 0.04 -0.05 353.76
1234 19.03 17 -0.31 0.04 -0.05 353.76
897 -19.02 17 -0.31 0.15 0.11 353.76
897 -19.02 16 -1.09 0.15 0.11 353.76
1877 -19.02 17 -0.31 -0.04 0.05 353.76
1580 -19.02 1 -15.97 0.39 0.38 353.76
1580 -19.02 16 -1.09 0.39 0.38 353.76
1877 -19.02 2 0.00 -0.04 0.05 353.76
1230 19.07 2 0.00 0.00 0.18 356.34
1867 -19.07 2 0.00 -0.00 -0.18 356.34
129 51.99 15 -0.36 -0.03 -0.35 359.03
2074 -51.99 15 -0.36 0.03 0.35 359.03
128 50.90 0 0.00 0.08 -0.40 365.10
129 51.82 0 0.00 -0.03 -0.35 365.10
2075 -50.90 0 0.00 -0.08 0.40 365.10
2074 -51.82 0 0.00 0.03 0.35 365.10
1229 18.93 2 -0.15 -0.03 0.20 368.28
1866 -18.93 2 -0.15 0.03 -0.20 368.28
1873 -19.32 2 -0.74 -0.40 -0.36 369.38
1869 -19.32 2 -0.74 -0.25 -0.25 369.38
13 19.32 2 -0.74 0.40 0.36 369.38
10 19.32 2 -0.74 0.25 0.25 369.38
2069 -51.59 0 -2.81 0.27 0.77 373.16
118 51.60 0 -2.81 -0.27 -0.77 373.17
124 51.50 0 -0.50 -0.18 -0.53 373.73
2073 -51.50 0 -0.50 0.18 0.53 373.74
2068 -51.60 15 -1.33 0.42 0.86 373.85
119 51.60 12 -0.60 -0.42 -0.86 373.85
119 51.60 15 -1.33 -0.42 -0.86 373.85
2068 -51.60 12 -0.60 0.42 0.86 373.85
25 21.63 2 -3.52 0.42 0.40 375.16
1884 -21.63 2 -3.52 -0.42 -0.40 375.17
2069 -49.45 12 -1.21 0.27 0.77 381.13
118 49.46 12 -1.21 -0.27 -0.77 381.14
25 24.82 16 -0.97 0.42 0.40 382.82
1884 -24.82 16 -0.97 -0.42 -0.40 382.82
64 46.83 12 -1.51 -1.21 -2.07 383.95
115 46.83 12 -1.51 -0.70 -1.29 383.95
2059 -46.83 12 -1.51 0.70 1.29 383.95
2052 -46.83 12 -1.51 1.21 2.07 383.95
28 30.29 16 -1.22 1.40 1.34 386.54
34 30.29 16 -1.22 4.76 5.44 386.54
1893 -30.29 16 -1.22 -4.76 -5.44 386.54
1888 -30.29 16 -1.22 -1.40 -1.34 386.54
34 33.47 14 -1.14 4.76 5.44 387.21
1893 -33.47 14 -1.14 -4.76 -5.44 387.21
64 42.16 14 -1.19 -1.21 -2.07 387.81
40 42.16 14 -1.19 -4.67 -6.18 387.81
2052 -42.16 14 -1.19 1.21 2.07 387.81
1454 -42.16 14 -1.19 4.67 6.18 387.81
1218 -38.82 14 -1.24 -3.77 -4.30 389.13
37 38.82 14 -1.24 3.77 4.30 389.13
1529 -41.69 25 0.00 -1.32 0.45 555.52
1139 8.71 25 0.00 -10.65 2.39 555.52
1447 -225.34 36 0.00 35.41 -6.61 555.52
1139 8.71 36 0.00 -10.65 2.39 555.52
871 225.35 36 0.00 -35.42 6.61 555.52
876 -8.71 36 0.00 10.65 -2.39 555.52
876 -8.71 25 0.00 10.65 -2.39 555.52
875 41.69 25 0.00 1.32 -0.45 555.52
870 39.54 31 0.00 -1.29 0.17 558.91
870 39.54 36 0.00 -1.29 0.17 558.91
1443 -39.54 31 0.00 1.29 -0.17 558.91
1443 -39.54 36 0.00 1.29 -0.17 558.91
878 56.24 25 -0.02 1.07 -0.45 566.52
1375 -56.24 25 -0.02 -1.07 0.45 566.52
1824 -57.80 36 0.00 -0.33 0.33 566.72
1375 -56.46 36 0.00 -1.07 0.45 566.72
878 56.46 36 0.00 1.07 -0.45 566.72
877 57.80 36 0.00 0.33 -0.33 566.72
636 -27.56 19 0.00 0.20 -0.01 566.82
636 -27.56 31 0.00 0.20 -0.01 566.82
629 -28.01 19 0.00 0.28 -0.05 566.82
1155 -29.38 31 0.00 1.26 -0.16 566.82
1152 28.01 19 0.00 -0.28 0.05 566.82
1153 27.56 31 0.00 -0.20 0.01 566.82
1153 27.56 19 0.00 -0.20 0.01 566.82
867 29.38 31 0.00 -1.26 0.16 566.82
879 61.49 36 -0.09 0.28 -0.34 577.61
1561 -61.49 36 -0.09 -0.28 0.34 577.61
879 61.57 40 0.00 0.28 -0.34 577.87
880 61.74 12 0.00 -0.22 -0.28 577.87
880 61.74 40 0.00 -0.22 -0.28 577.87
910 -61.74 40 0.00 0.22 0.28 577.87
910 -61.74 12 0.00 0.22 0.28 577.87
1561 -61.57 40 0.00 -0.28 0.34 577.87
1171 26.72 19 -0.37 0.22 -0.01 586.94
1170 26.72 19 -0.37 0.30 0.02 586.94
301 -26.72 19 -0.37 -0.30 -0.02 586.94
1350 -26.72 19 -0.37 -0.22 0.01 586.94
753 27.24 23 -0.03 0.74 0.01 589.29
1171 27.24 23 -0.03 0.22 -0.01 589.29
1987 -27.24 23 -0.03 -0.74 -0.01 589.29
1350 -27.24 23 -0.03 -0.22 0.01 589.29
751 27.30 30 0.00 0.85 -0.01 589.53
753 27.42 30 0.00 0.74 0.01 589.53
899 -27.30 30 0.00 -0.85 0.01 589.53
1987 -27.41 30 0.00 -0.74 -0.01 589.53
782 58.37 12 -0.16 -0.88 -0.36 591.29
784 58.37 12 -0.16 -0.25 -0.25 591.29
1257 -58.37 12 -0.16 0.88 0.36 591.29
1914 -58.37 12 -0.16 0.25 0.25 591.29
776 54.48 12 -0.56 -0.81 -0.32 595.75
1262 -54.47 12 -0.56 0.81 0.32 595.75
1349 -33.91 30 -0.08 -3.26 -0.17 597.27
752 33.91 30 -0.08 3.26 0.17 597.27
774 52.90 19 -0.08 -2.08 -0.42 597.68
776 52.90 19 -0.08 -0.81 -0.32 597.68
698 -52.90 19 -0.08 2.08 0.42 597.68
1262 -52.90 19 -0.08 0.81 0.32 597.68
774 52.27 34 0.00 -2.08 -0.42 597.99
757 52.29 34 0.00 -3.31 -0.41 597.99
698 -52.26 34 0.00 2.08 0.42 597.99
1428 -52.29 34 0.00 3.31 0.41 597.99
758 43.47 30 -0.17 1.99 -0.05 600.18
1879 -43.46 30 -0.17 -1.99 0.05 600.18
758 44.08 34 -0.07 1.99 -0.05 600.49
1879 -44.08 34 -0.07 -1.99 0.05 600.49
