782 65.41 12 1 0.73 0.73 0.73
784 65.41 12 1 0.94 0.94 0.94
1257 -65.41 12 1 0.73 0.73 0.73
1914 -65.41 12 1 0.94 0.94 0.94
10 17.38 2 1 0.94 0.94 0.94
13 17.38 2 1 0.88 0.88 0.88
1869 -17.38 2 1 0.94 0.94 0.94
1873 -17.38 2 1 0.88 0.88 0.88
1229 12.45 2 1 0.98 0.98 0.98
1866 -12.45 2 1 0.98 0.98 0.98
871 53.39 36 1 0.03 0.03 0.03
875 53.39 25 1 0.58 0.58 0.58
876 53.39 36 -1 0.09 0.09 0.09
1139 -53.38 36 -1 0.09 0.09 0.09
1447 -53.38 36 1 0.03 0.03 0.03
1529 -53.38 25 1 0.58 0.58 0.58
134 52.76 15 1 0.93 0.93 0.93
136 52.76 15 -1 0.93 0.93 0.93
242 52.76 8 1 0.73 0.73 0.73
1279 -52.76 15 -1 0.93 0.93 0.93
1709 -52.76 8 1 0.73 0.73 0.73
1925 -52.76 15 1 0.93 0.93 0.93
222 -41.84 8 1 0.61 0.61 0.61
240 41.85 8 -1 0.73 0.73 0.73
241 41.85 4 1 0.16 0.16 0.16
124 58.98 0 1 0.87 0.87 0.87
128 57.73 0 1 0.93 0.93 0.93
129 57.73 15 -1 0.94 0.94 0.94
2073 -58.99 0 1 0.87 0.87 0.87
2074 -57.73 15 -1 0.94 0.94 0.94
2075 -57.73 0 1 0.93 0.93 0.93
1216 16.13 0 1 0.84 0.84 0.84
1230 16.13 2 -1 0.98 0.98 0.98
1867 -16.13 2 -1 0.98 0.98 0.98
2042 -16.13 0 1 0.84 0.84 0.84
40 49.74 14 1 0.13 0.13 0.13
64 49.74 14 -1 0.38 0.38 0.38
115 49.74 12 1 0.56 0.56 0.56
629 -27.47 19 1 0.96 0.96 0.96
636 -27.47 31 -1 0.98 0.98 0.98
867 27.47 31 1 0.62 0.62 0.62
1152 27.47 19 1 0.96 0.96 0.96
1153 27.47 31 -1 0.98 0.98 0.98
1155 -27.47 31 1 0.62 0.62 0.62
1454 -49.74 14 1 0.13 0.13 0.13
2052 -49.74 14 -1 0.38 0.38 0.38
2059 -49.74 12 1 0.56 0.56 0.56
877 61.46 36 1 0.91 0.91 0.91
878 61.46 36 -1 0.65 0.65 0.65
1375 -61.46 36 -1 0.65 0.65 0.65
1824 -61.46 36 1 0.91 0.91 0.91
37 42.58 14 1 0.17 0.17 0.17
870 37.85 36 -1 0.61 0.61 0.61
1218 -42.58 14 1 0.17 0.17 0.17
1443 -37.84 36 -1 0.61 0.61 0.61
28 33.47 16 1 0.46 0.46 0.46
34 33.47 16 -1 0.14 0.14 0.14
228 29.73 21 -1 0.85 0.85 0.85
229 29.73 21 1 0.19 0.19 0.19
1119 -29.73 1 -1 0.87 0.87 0.87
1157 -29.73 21 -1 0.85 0.85 0.85
1215 29.73 1 -1 0.87 0.87 0.87
1515 -29.73 21 1 0.17 0.17 0.17
1888 -33.46 16 1 0.46 0.46 0.46
1893 -33.46 16 -1 0.14 0.14 0.14
301 -27.35 19 1 0.96 0.96 0.96
751 27.35 30 1 0.76 0.76 0.76
753 27.35 30 -1 0.80 0.80 0.80
899 -27.35 30 1 0.76 0.76 0.76
1170 27.35 19 1 0.96 0.96 0.96
1171 27.35 23 -1 0.98 0.98 0.98
1350 -27.35 23 -1 0.98 0.98 0.98
1987 -27.35 30 -1 0.80 0.80 0.80
752 34.34 30 1 0.29 0.29 0.29
1349 -34.34 30 1 0.29 0.29 0.29
118 51.70 12 -1 0.77 0.77 0.77
2069 -51.70 12 -1 0.77 0.77 0.77
223 33.82 22 -1 0.43 0.43 0.43
227 33.82 22 -1 0.48 0.48 0.48
560 -35.31 22 -1 0.42 0.42 0.42
698 -53.94 34 -1 0.43 0.43 0.43
757 53.94 34 1 0.29 0.29 0.29
774 53.94 34 -1 0.43 0.43 0.43
776 53.94 19 -1 0.75 0.75 0.75
1072 -35.31 19 -1 0.76 0.76 0.76
1262 -53.94 19 -1 0.75 0.75 0.75
1428 -53.94 34 1 0.29 0.29 0.29
1458 -35.31 22 -1 0.40 0.40 0.40
25 24.84 16 -1 0.87 0.87 0.87
758 44.64 34 -1 0.45 0.45 0.45
879 62.58 40 -1 0.92 0.92 0.92
880 62.58 40 -1 0.94 0.94 0.94
910 -62.57 40 -1 0.94 0.94 0.94
1561 -62.57 40 -1 0.92 0.92 0.92
1879 -44.63 34 -1 0.45 0.45 0.45
1884 -24.83 16 -1 0.87 0.87 0.87
119 51.60 15 -1 0.72 0.72 0.72
897 -19.02 17 -1 0.98 0.98 0.98
1212 19.03 17 -1 0.98 0.98 0.98
1213 19.03 16 -1 0.88 0.88 0.88
1234 19.03 17 -1 1.00 1.00 1.00
1580 -19.02 16 -1 0.88 0.88 0.88
1877 -19.02 17 -1 1.00 1.00 1.00
2068 -51.60 15 -1 0.72 0.72 0.72
