0.36 0.36 0.36
0.12 0.12 0.12
0.04 0.04 0.04
0.06 0.06 0.06
0.77 0.77 0.77
0.09 0.09 0.09
0.61 0.61 0.61
0.48 0.48 0.48
0.90 0.90 0.90
0.30 0.30 0.30
0.94 0.94 0.94
0.98 0.98 0.98
0.46 0.46 0.46
0.88 0.88 0.88
0.76 0.76 0.76
0.94 0.94 0.94
0.74 0.74 0.74
0.99 0.99 0.99
0.16 0.16 0.16
0.63 0.63 0.63
0.30 0.30 0.30
0.74 0.74 0.74
0.38 0.38 0.38
0.59 0.59 0.59
0.59 0.59 0.59
0.87 0.87 0.87
0.74 0.74 0.74
0.36 0.36 0.36
0.46 0.46 0.46
0.23 0.23 0.23
0.50 0.50 0.50
0.15 0.15 0.15
0.86 0.86 0.86
0.01 0.01 0.01
0.14 0.14 0.14
0.46 0.46 0.46
0.23 0.23 0.23
0.17 0.17 0.17
0.93 0.93 0.93
0.06 0.06 0.06
0.13 0.13 0.13
0.04 0.04 0.04
0.09 0.09 0.09
0.98 0.98 0.98
0.87 0.87 0.87
0.20 0.20 0.20
0.32 0.32 0.32
0.99 0.99 0.99
0.55 0.55 0.55
0.77 0.77 0.77
0.29 0.29 0.29
0.76 0.76 0.76
0.95 0.95 0.95
0.83 0.83 0.83
0.96 0.96 0.96
0.84 0.84 0.84
0.29 0.29 0.29
0.58 0.58 0.58
0.24 0.24 0.24
0.27 0.27 0.27
0.99 0.99 0.99
0.02 0.02 0.02
0.46 0.46 0.46
0.84 0.84 0.84
0.38 0.38 0.38
0.98 0.98 0.98
0.32 0.32 0.32
0.81 0.81 0.81
0.37 0.37 0.37
0.34 0.34 0.34
0.88 0.88 0.88
0.51 0.51 0.51
0.28 0.28 0.28
0.32 0.32 0.32
0.87 0.87 0.87
0.83 0.83 0.83
0.99 0.99 0.99
0.31 0.31 0.31
0.04 0.04 0.04
0.25 0.25 0.25
0.33 0.33 0.33
0.85 0.85 0.85
0.19 0.19 0.19
0.31 0.31 0.31
0.18 0.18 0.18
0.66 0.66 0.66
0.90 0.90 0.90
0.92 0.92 0.92
0.35 0.35 0.35
0.63 0.63 0.63
0.27 0.27 0.27
0.26 0.26 0.26
0.74 0.74 0.74
0.26 0.26 0.26
0.06 0.06 0.06
0.86 0.86 0.86
0.81 0.81 0.81
0.33 0.33 0.33
0.83 0.83 0.83
0.41 0.41 0.41
0.77 0.77 0.77
1.00 1.00 1.00
0.69 0.69 0.69
0.93 0.93 0.93
0.66 0.66 0.66
0.76 0.76 0.76
0.98 0.98 0.98
0.96 0.96 0.96
0.89 0.89 0.89
0.52 0.52 0.52
0.99 0.99 0.99
0.93 0.93 0.93
0.97 0.97 0.97
0.95 0.95 0.95
0.68 0.68 0.68
0.56 0.56 0.56
0.03 0.03 0.03
0.97 0.97 0.97
0.77 0.77 0.77
0.72 0.72 0.72
0.89 0.89 0.89
0.32 0.32 0.32
0.95 0.95 0.95
0.27 0.27 0.27
0.87 0.87 0.87
0.66 0.66 0.66
0.87 0.87 0.87
0.97 0.97 0.97
0.93 0.93 0.93
0.94 0.94 0.94
0.97 0.97 0.97
0.58 0.58 0.58
0.72 0.72 0.72
0.86 0.86 0.86
0.93 0.93 0.93
0.95 0.95 0.95
0.93 0.93 0.93
0.04 0.04 0.04
0.50 0.50 0.50
0.99 0.99 0.99
0.81 0.81 0.81
0.97 0.97 0.97
0.94 0.94 0.94
0.77 0.77 0.77
0.28 0.28 0.28
0.38 0.38 0.38
0.85 0.85 0.85
0.75 0.75 0.75
0.19 0.19 0.19
0.35 0.35 0.35
0.53 0.53 0.53
0.95 0.95 0.95
0.17 0.17 0.17
0.37 0.37 0.37
0.08 0.08 0.08
0.69 0.69 0.69
0.71 0.71 0.71
1.00 1.00 1.00
0.03 0.03 0.03
0.78 0.78 0.78
0.83 0.83 0.83
0.41 0.41 0.41
0.12 0.12 0.12
0.97 0.97 0.97
0.71 0.71 0.71
0.00 0.00 0.00
0.24 0.24 0.24
0.29 0.29 0.29
0.42 0.42 0.42
0.21 0.21 0.21
0.74 0.74 0.74
0.69 0.69 0.69
0.58 0.58 0.58
0.78 0.78 0.78
0.50 0.50 0.50
0.84 0.84 0.84
0.94 0.94 0.94
0.99 0.99 0.99
1.00 1.00 1.00
0.94 0.94 0.94
0.06 0.06 0.06
0.69 0.69 0.69
0.08 0.08 0.08
0.56 0.56 0.56
0.09 0.09 0.09
0.09 0.09 0.09
0.40 0.40 0.40
0.98 0.98 0.98
0.37 0.37 0.37
0.57 0.57 0.57
0.45 0.45 0.45
0.59 0.59 0.59
0.17 0.17 0.17
0.58 0.58 0.58
0.27 0.27 0.27
0.60 0.60 0.60
0.13 0.13 0.13
0.77 0.77 0.77
0.83 0.83 0.83
0.29 0.29 0.29
0.30 0.30 0.30
0.48 0.48 0.48
0.18 0.18 0.18
0.61 0.61 0.61
0.01 0.01 0.01
0.00 0.00 0.00
0.84 0.84 0.84
0.39 0.39 0.39
0.76 0.76 0.76
0.56 0.56 0.56
0.57 0.57 0.57
0.54 0.54 0.54
0.83 0.83 0.83
0.47 0.47 0.47
0.67 0.67 0.67
0.96 0.96 0.96
0.47 0.47 0.47
0.89 0.89 0.89
0.22 0.22 0.22
0.46 0.46 0.46
0.80 0.80 0.80
0.04 0.04 0.04
0.61 0.61 0.61
0.43 0.43 0.43
0.41 0.41 0.41
0.42 0.42 0.42
0.76 0.76 0.76
0.48 0.48 0.48
0.85 0.85 0.85
0.19 0.19 0.19
0.03 0.03 0.03
0.58 0.58 0.58
0.13 0.13 0.13
0.92 0.92 0.92
0.36 0.36 0.36
0.41 0.41 0.41
0.86 0.86 0.86
0.96 0.96 0.96
0.10 0.10 0.10
0.33 0.33 0.33
0.73 0.73 0.73
0.16 0.16 0.16
0.73 0.73 0.73
0.83 0.83 0.83
0.48 0.48 0.48
0.70 0.70 0.70
0.74 0.74 0.74
0.99 0.99 0.99
0.10 0.10 0.10
0.44 0.44 0.44
0.40 0.40 0.40
0.51 0.51 0.51
0.97 0.97 0.97
0.47 0.47 0.47
0.86 0.86 0.86
0.17 0.17 0.17
0.03 0.03 0.03
0.27 0.27 0.27
0.25 0.25 0.25
0.95 0.95 0.95
0.26 0.26 0.26
0.73 0.73 0.73
0.22 0.22 0.22
0.02 0.02 0.02
0.30 0.30 0.30
0.37 0.37 0.37
0.42 0.42 0.42
0.56 0.56 0.56
0.34 0.34 0.34
0.13 0.13 0.13
0.36 0.36 0.36
0.34 0.34 0.34
0.19 0.19 0.19
0.26 0.26 0.26
0.22 0.22 0.22
0.73 0.73 0.73
0.00 0.00 0.00
0.19 0.19 0.19
0.67 0.67 0.67
0.08 0.08 0.08
0.09 0.09 0.09
0.23 0.23 0.23
0.37 0.37 0.37
0.05 0.05 0.05
0.40 0.40 0.40
0.01 0.01 0.01
0.03 0.03 0.03
0.30 0.30 0.30
0.12 0.12 0.12
0.06 0.06 0.06
0.36 0.36 0.36
0.38 0.38 0.38
0.66 0.66 0.66
0.44 0.44 0.44
0.68 0.68 0.68
0.13 0.13 0.13
0.46 0.46 0.46
0.79 0.79 0.79
0.76 0.76 0.76
0.83 0.83 0.83
0.81 0.81 0.81
0.96 0.96 0.96
0.11 0.11 0.11
0.30 0.30 0.30
0.46 0.46 0.46
0.45 0.45 0.45
0.46 0.46 0.46
0.31 0.31 0.31
0.82 0.82 0.82
0.11 0.11 0.11
0.41 0.41 0.41
0.82 0.82 0.82
0.36 0.36 0.36
0.47 0.47 0.47
0.40 0.40 0.40
0.75 0.75 0.75
0.94 0.94 0.94
0.86 0.86 0.86
0.76 0.76 0.76
0.94 0.94 0.94
0.97 0.97 0.97
0.93 0.93 0.93
0.56 0.56 0.56
0.92 0.92 0.92
0.96 0.96 0.96
0.97 0.97 0.97
0.96 0.96 0.96
0.93 0.93 0.93
0.93 0.93 0.93
0.95 0.95 0.95
0.97 0.97 0.97
0.96 0.96 0.96
0.98 0.98 0.98
0.94 0.94 0.94
0.99 0.99 0.99
0.96 0.96 0.96
0.96 0.96 0.96
0.03 0.03 0.03
0.98 0.98 0.98
0.99 0.99 0.99
0.92 0.92 0.92
0.59 0.59 0.59
0.97 0.97 0.97
0.94 0.94 0.94
0.44 0.44 0.44
0.66 0.66 0.66
1.00 1.00 1.00
0.24 0.24 0.24
1.00 1.00 1.00
0.92 0.92 0.92
0.01 0.01 0.01
0.03 0.03 0.03
0.90 0.90 0.90
0.96 0.96 0.96
0.56 0.56 0.56
0.98 0.98 0.98
1.00 1.00 1.00
0.87 0.87 0.87
0.98 0.98 0.98
0.96 0.96 0.96
0.96 0.96 0.96
0.16 0.16 0.16
0.94 0.94 0.94
0.75 0.75 0.75
0.29 0.29 0.29
0.37 0.37 0.37
0.95 0.95 0.95
0.96 0.96 0.96
0.97 0.97 0.97
0.95 0.95 0.95
0.11 0.11 0.11
0.92 0.92 0.92
0.83 0.83 0.83
0.01 0.01 0.01
0.98 0.98 0.98
0.91 0.91 0.91
0.39 0.39 0.39
0.72 0.72 0.72
0.68 0.68 0.68
0.80 0.80 0.80
0.76 0.76 0.76
0.99 0.99 0.99
0.97 0.97 0.97
0.28 0.28 0.28
0.43 0.43 0.43
0.16 0.16 0.16
0.07 0.07 0.07
0.50 0.50 0.50
0.34 0.34 0.34
0.06 0.06 0.06
0.43 0.43 0.43
0.16 0.16 0.16
0.64 0.64 0.64
0.74 0.74 0.74
0.15 0.15 0.15
0.25 0.25 0.25
0.41 0.41 0.41
0.56 0.56 0.56
0.23 0.23 0.23
0.32 0.32 0.32
0.55 0.55 0.55
0.59 0.59 0.59
0.67 0.67 0.67
0.66 0.66 0.66
0.31 0.31 0.31
0.31 0.31 0.31
0.19 0.19 0.19
0.48 0.48 0.48
0.29 0.29 0.29
0.20 0.20 0.20
0.49 0.49 0.49
0.46 0.46 0.46
0.22 0.22 0.22
0.04 0.04 0.04
0.25 0.25 0.25
0.46 0.46 0.46
0.04 0.04 0.04
0.03 0.03 0.03
0.21 0.21 0.21
1.00 1.00 1.00
0.02 0.02 0.02
0.04 0.04 0.04
0.98 0.98 0.98
0.01 0.01 0.01
0.46 0.46 0.46
1.00 1.00 1.00
0.01 0.01 0.01
0.12 0.12 0.12
0.96 0.96 0.96
0.02 0.02 0.02
0.02 0.02 0.02
0.27 0.27 0.27
0.13 0.13 0.13
0.03 0.03 0.03
0.27 0.27 0.27
0.02 0.02 0.02
0.56 0.56 0.56
0.08 0.08 0.08
0.20 0.20 0.20
0.57 0.57 0.57
0.22 0.22 0.22
0.81 0.81 0.81
0.20 0.20 0.20
0.60 0.60 0.60
0.97 0.97 0.97
0.09 0.09 0.09
0.88 0.88 0.88
0.75 0.75 0.75
0.68 0.68 0.68
0.21 0.21 0.21
0.31 0.31 0.31
0.34 0.34 0.34
0.10 0.10 0.10
0.47 0.47 0.47
0.97 0.97 0.97
0.31 0.31 0.31
0.61 0.61 0.61
0.80 0.80 0.80
0.39 0.39 0.39
0.47 0.47 0.47
0.71 0.71 0.71
0.56 0.56 0.56
0.19 0.19 0.19
0.84 0.84 0.84
0.40 0.40 0.40
0.66 0.66 0.66
0.77 0.77 0.77
0.92 0.92 0.92
0.95 0.95 0.95
0.92 0.92 0.92
0.93 0.93 0.93
0.96 0.96 0.96
0.90 0.90 0.90
0.98 0.98 0.98
0.66 0.66 0.66
0.53 0.53 0.53
1.00 1.00 1.00
0.91 0.91 0.91
0.92 0.92 0.92
1.00 1.00 1.00
0.02 0.02 0.02
0.97 0.97 0.97
0.98 0.98 0.98
0.99 0.99 0.99
0.79 0.79 0.79
0.98 0.98 0.98
0.88 0.88 0.88
0.68 0.68 0.68
0.55 0.55 0.55
0.97 0.97 0.97
0.92 0.92 0.92
0.85 0.85 0.85
0.83 0.83 0.83
0.56 0.56 0.56
0.69 0.69 0.69
0.70 0.70 0.70
0.62 0.62 0.62
0.92 0.92 0.92
0.93 0.93 0.93
0.94 0.94 0.94
0.90 0.90 0.90
0.74 0.74 0.74
0.96 0.96 0.96
0.87 0.87 0.87
0.59 0.59 0.59
0.82 0.82 0.82
0.96 0.96 0.96
0.73 0.73 0.73
0.61 0.61 0.61
0.71 0.71 0.71
0.58 0.58 0.58
0.35 0.35 0.35
0.18 0.18 0.18
0.36 0.36 0.36
0.05 0.05 0.05
0.99 0.99 0.99
0.48 0.48 0.48
0.58 0.58 0.58
0.51 0.51 0.51
0.51 0.51 0.51
0.31 0.31 0.31
0.81 0.81 0.81
0.29 0.29 0.29
0.60 0.60 0.60
0.94 0.94 0.94
0.59 0.59 0.59
0.84 0.84 0.84
0.38 0.38 0.38
0.96 0.96 0.96
0.45 0.45 0.45
0.09 0.09 0.09
0.07 0.07 0.07
0.14 0.14 0.14
0.71 0.71 0.71
0.06 0.06 0.06
0.35 0.35 0.35
0.01 0.01 0.01
0.01 0.01 0.01
0.04 0.04 0.04
0.02 0.02 0.02
0.35 0.35 0.35
0.04 0.04 0.04
0.42 0.42 0.42
0.36 0.36 0.36
0.05 0.05 0.05
0.96 0.96 0.96
0.99 0.99 0.99
0.28 0.28 0.28
0.31 0.31 0.31
0.15 0.15 0.15
0.24 0.24 0.24
0.34 0.34 0.34
0.35 0.35 0.35
0.30 0.30 0.30
0.38 0.38 0.38
0.37 0.37 0.37
0.30 0.30 0.30
0.37 0.37 0.37
0.94 0.94 0.94
0.22 0.22 0.22
0.42 0.42 0.42
0.05 0.05 0.05
0.07 0.07 0.07
0.62 0.62 0.62
0.27 0.27 0.27
1.00 1.00 1.00
0.60 0.60 0.60
0.85 0.85 0.85
0.19 0.19 0.19
0.00 0.00 0.00
0.80 0.80 0.80
0.72 0.72 0.72
0.71 0.71 0.71
0.93 0.93 0.93
0.90 0.90 0.90
0.93 0.93 0.93
0.31 0.31 0.31
0.97 0.97 0.97
0.25 0.25 0.25
0.96 0.96 0.96
0.92 0.92 0.92
0.98 0.98 0.98
0.95 0.95 0.95
0.95 0.95 0.95
0.96 0.96 0.96
1.00 1.00 1.00
0.98 0.98 0.98
0.95 0.95 0.95
0.90 0.90 0.90
0.78 0.78 0.78
0.88 0.88 0.88
0.80 0.80 0.80
0.96 0.96 0.96
0.93 0.93 0.93
0.95 0.95 0.95
0.81 0.81 0.81
0.45 0.45 0.45
0.44 0.44 0.44
0.80 0.80 0.80
0.93 0.93 0.93
0.36 0.36 0.36
0.80 0.80 0.80
0.38 0.38 0.38
0.28 0.28 0.28
0.79 0.79 0.79
0.28 0.28 0.28
0.48 0.48 0.48
0.40 0.40 0.40
0.77 0.77 0.77
0.76 0.76 0.76
0.58 0.58 0.58
0.56 0.56 0.56
0.78 0.78 0.78
0.79 0.79 0.79
0.77 0.77 0.77
0.23 0.23 0.23
0.81 0.81 0.81
0.92 0.92 0.92
0.69 0.69 0.69
0.75 0.75 0.75
0.80 0.80 0.80
0.79 0.79 0.79
0.11 0.11 0.11
0.72 0.72 0.72
0.32 0.32 0.32
0.45 0.45 0.45
0.88 0.88 0.88
0.76 0.76 0.76
0.85 0.85 0.85
0.96 0.96 0.96
0.90 0.90 0.90
0.98 0.98 0.98
0.15 0.15 0.15
0.83 0.83 0.83
0.92 0.92 0.92
0.92 0.92 0.92
0.98 0.98 0.98
0.96 0.96 0.96
0.93 0.93 0.93
0.93 0.93 0.93
0.60 0.60 0.60
0.97 0.97 0.97
0.94 0.94 0.94
0.94 0.94 0.94
0.97 0.97 0.97
0.97 0.97 0.97
0.94 0.94 0.94
0.95 0.95 0.95
0.99 0.99 0.99
0.98 0.98 0.98
0.99 0.99 0.99
1.00 1.00 1.00
0.95 0.95 0.95
0.94 0.94 0.94
0.98 0.98 0.98
0.96 0.96 0.96
0.96 0.96 0.96
0.98 0.98 0.98
0.96 0.96 0.96
0.68 0.68 0.68
0.98 0.98 0.98
0.94 0.94 0.94
0.98 0.98 0.98
0.99 0.99 0.99
0.06 0.06 0.06
1.00 1.00 1.00
1.00 1.00 1.00
0.99 0.99 0.99
0.89 0.89 0.89
0.96 0.96 0.96
0.36 0.36 0.36
0.40 0.40 0.40
0.98 0.98 0.98
0.99 0.99 0.99
0.93 0.93 0.93
0.93 0.93 0.93
0.94 0.94 0.94
1.00 1.00 1.00
0.88 0.88 0.88
1.00 1.00 1.00
0.96 0.96 0.96
0.60 0.60 0.60
0.91 0.91 0.91
0.73 0.73 0.73
0.06 0.06 0.06
0.97 0.97 0.97
0.98 0.98 0.98
0.91 0.91 0.91
0.97 0.97 0.97
1.00 1.00 1.00
0.98 0.98 0.98
0.95 0.95 0.95
0.89 0.89 0.89
0.98 0.98 0.98
0.92 0.92 0.92
0.92 0.92 0.92
0.94 0.94 0.94
0.74 0.74 0.74
0.43 0.43 0.43
0.96 0.96 0.96
0.53 0.53 0.53
0.18 0.18 0.18
0.85 0.85 0.85
0.69 0.69 0.69
0.69 0.69 0.69
0.23 0.23 0.23
0.01 0.01 0.01
0.88 0.88 0.88
0.03 0.03 0.03
0.36 0.36 0.36
0.04 0.04 0.04
0.31 0.31 0.31
0.00 0.00 0.00
0.36 0.36 0.36
0.56 0.56 0.56
0.19 0.19 0.19
0.50 0.50 0.50
0.88 0.88 0.88
0.90 0.90 0.90
0.32 0.32 0.32
0.86 0.86 0.86
0.20 0.20 0.20
0.97 0.97 0.97
0.79 0.79 0.79
1.00 1.00 1.00
0.37 0.37 0.37
0.54 0.54 0.54
0.75 0.75 0.75
0.73 0.73 0.73
0.80 0.80 0.80
0.23 0.23 0.23
0.18 0.18 0.18
0.68 0.68 0.68
0.25 0.25 0.25
0.91 0.91 0.91
0.45 0.45 0.45
0.66 0.66 0.66
0.94 0.94 0.94
0.89 0.89 0.89
0.33 0.33 0.33
0.80 0.80 0.80
0.32 0.32 0.32
0.38 0.38 0.38
0.29 0.29 0.29
0.31 0.31 0.31
0.29 0.29 0.29
0.78 0.78 0.78
0.79 0.79 0.79
0.06 0.06 0.06
1.00 1.00 1.00
0.99 0.99 0.99
0.76 0.76 0.76
0.29 0.29 0.29
0.80 0.80 0.80
0.96 0.96 0.96
0.94 0.94 0.94
0.19 0.19 0.19
0.29 0.29 0.29
0.45 0.45 0.45
0.10 0.10 0.10
0.72 0.72 0.72
0.93 0.93 0.93
0.47 0.47 0.47
0.66 0.66 0.66
0.27 0.27 0.27
0.33 0.33 0.33
0.77 0.77 0.77
0.40 0.40 0.40
0.93 0.93 0.93
0.69 0.69 0.69
0.24 0.24 0.24
0.39 0.39 0.39
0.38 0.38 0.38
0.34 0.34 0.34
0.43 0.43 0.43
0.84 0.84 0.84
0.75 0.75 0.75
0.78 0.78 0.78
0.93 0.93 0.93
0.28 0.28 0.28
0.72 0.72 0.72
0.73 0.73 0.73
0.73 0.73 0.73
0.74 0.74 0.74
0.94 0.94 0.94
0.11 0.11 0.11
0.93 0.93 0.93
0.82 0.82 0.82
0.16 0.16 0.16
0.99 0.99 0.99
0.96 0.96 0.96
0.95 0.95 0.95
0.92 0.92 0.92
0.34 0.34 0.34
0.95 0.95 0.95
0.37 0.37 0.37
0.81 0.81 0.81
0.66 0.66 0.66
0.69 0.69 0.69
0.30 0.30 0.30
0.22 0.22 0.22
0.56 0.56 0.56
0.63 0.63 0.63
0.08 0.08 0.08
0.23 0.23 0.23
0.98 0.98 0.98
0.96 0.96 0.96
0.87 0.87 0.87
0.86 0.86 0.86
0.94 0.94 0.94
0.98 0.98 0.98
0.85 0.85 0.85
0.93 0.93 0.93
0.55 0.55 0.55
0.59 0.59 0.59
0.85 0.85 0.85
0.56 0.56 0.56
0.99 0.99 0.99
1.00 1.00 1.00
0.09 0.09 0.09
0.94 0.94 0.94
0.99 0.99 0.99
0.94 0.94 0.94
0.08 0.08 0.08
0.28 0.28 0.28
0.84 0.84 0.84
0.85 0.85 0.85
0.94 0.94 0.94
0.84 0.84 0.84
0.77 0.77 0.77
0.56 0.56 0.56
0.92 0.92 0.92
0.98 0.98 0.98
0.59 0.59 0.59
0.59 0.59 0.59
0.55 0.55 0.55
0.56 0.56 0.56
0.29 0.29 0.29
0.34 0.34 0.34
0.28 0.28 0.28
0.56 0.56 0.56
0.09 0.09 0.09
0.08 0.08 0.08
0.10 0.10 0.10
0.12 0.12 0.12
0.33 0.33 0.33
0.39 0.39 0.39
0.12 0.12 0.12
0.11 0.11 0.11
0.29 0.29 0.29
0.14 0.14 0.14
0.23 0.23 0.23
0.28 0.28 0.28
0.17 0.17 0.17
0.27 0.27 0.27
0.10 0.10 0.10
0.30 0.30 0.30
0.45 0.45 0.45
0.28 0.28 0.28
0.11 0.11 0.11
0.17 0.17 0.17
0.82 0.82 0.82
0.62 0.62 0.62
0.06 0.06 0.06
0.41 0.41 0.41
0.90 0.90 0.90
0.77 0.77 0.77
0.62 0.62 0.62
0.93 0.93 0.93
0.02 0.02 0.02
0.61 0.61 0.61
0.03 0.03 0.03
0.91 0.91 0.91
0.42 0.42 0.42
0.39 0.39 0.39
0.58 0.58 0.58
0.09 0.09 0.09
0.91 0.91 0.91
0.65 0.65 0.65
0.92 0.92 0.92
0.94 0.94 0.94
0.71 0.71 0.71
0.47 0.47 0.47
0.96 0.96 0.96
0.49 0.49 0.49
0.93 0.93 0.93
0.89 0.89 0.89
0.96 0.96 0.96
0.98 0.98 0.98
0.36 0.36 0.36
0.80 0.80 0.80
0.57 0.57 0.57
0.78 0.78 0.78
0.13 0.13 0.13
0.79 0.79 0.79
0.19 0.19 0.19
0.28 0.28 0.28
0.98 0.98 0.98
0.94 0.94 0.94
0.76 0.76 0.76
0.02 0.02 0.02
0.61 0.61 0.61
0.53 0.53 0.53
0.33 0.33 0.33
0.98 0.98 0.98
0.97 0.97 0.97
0.45 0.45 0.45
0.59 0.59 0.59
0.50 0.50 0.50
0.65 0.65 0.65
0.94 0.94 0.94
0.68 0.68 0.68
0.92 0.92 0.92
1.00 1.00 1.00
0.41 0.41 0.41
0.22 0.22 0.22
0.01 0.01 0.01
0.82 0.82 0.82
0.13 0.13 0.13
0.46 0.46 0.46
0.83 0.83 0.83
0.82 0.82 0.82
0.86 0.86 0.86
0.75 0.75 0.75
0.68 0.68 0.68
0.95 0.95 0.95
0.85 0.85 0.85
0.33 0.33 0.33
0.11 0.11 0.11
0.36 0.36 0.36
0.69 0.69 0.69
1.00 1.00 1.00
0.10 0.10 0.10
0.65 0.65 0.65
0.50 0.50 0.50
0.86 0.86 0.86
0.96 0.96 0.96
0.59 0.59 0.59
0.98 0.98 0.98
0.24 0.24 0.24
0.90 0.90 0.90
0.97 0.97 0.97
0.96 0.96 0.96
0.03 0.03 0.03
0.97 0.97 0.97
0.08 0.08 0.08
0.97 0.97 0.97
0.69 0.69 0.69
0.28 0.28 0.28
0.73 0.73 0.73
0.09 0.09 0.09
0.98 0.98 0.98
0.94 0.94 0.94
0.49 0.49 0.49
0.72 0.72 0.72
0.80 0.80 0.80
0.17 0.17 0.17
0.66 0.66 0.66
0.51 0.51 0.51
0.22 0.22 0.22
0.93 0.93 0.93
0.43 0.43 0.43
0.45 0.45 0.45
0.65 0.65 0.65
0.17 0.17 0.17
0.24 0.24 0.24
0.60 0.60 0.60
0.61 0.61 0.61
0.75 0.75 0.75
0.90 0.90 0.90
0.12 0.12 0.12
0.04 0.04 0.04
0.61 0.61 0.61
0.06 0.06 0.06
0.05 0.05 0.05
0.69 0.69 0.69
0.22 0.22 0.22
0.96 0.96 0.96
0.26 0.26 0.26
0.32 0.32 0.32
0.66 0.66 0.66
0.59 0.59 0.59
0.07 0.07 0.07
0.84 0.84 0.84
0.24 0.24 0.24
0.98 0.98 0.98
0.83 0.83 0.83
0.25 0.25 0.25
0.96 0.96 0.96
0.66 0.66 0.66
0.86 0.86 0.86
0.58 0.58 0.58
0.85 0.85 0.85
0.61 0.61 0.61
0.48 0.48 0.48
0.55 0.55 0.55
0.83 0.83 0.83
0.58 0.58 0.58
0.32 0.32 0.32
0.12 0.12 0.12
0.95 0.95 0.95
0.07 0.07 0.07
0.09 0.09 0.09
0.58 0.58 0.58
0.54 0.54 0.54
0.16 0.16 0.16
0.69 0.69 0.69
0.04 0.04 0.04
0.66 0.66 0.66
0.98 0.98 0.98
0.07 0.07 0.07
0.66 0.66 0.66
0.98 0.98 0.98
0.96 0.96 0.96
0.25 0.25 0.25
0.34 0.34 0.34
0.42 0.42 0.42
0.82 0.82 0.82
0.18 0.18 0.18
0.42 0.42 0.42
0.08 0.08 0.08
0.43 0.43 0.43
0.38 0.38 0.38
0.57 0.57 0.57
0.06 0.06 0.06
0.86 0.86 0.86
0.10 0.10 0.10
0.71 0.71 0.71
0.87 0.87 0.87
0.08 0.08 0.08
0.32 0.32 0.32
0.28 0.28 0.28
0.07 0.07 0.07
0.08 0.08 0.08
0.98 0.98 0.98
0.98 0.98 0.98
0.80 0.80 0.80
0.09 0.09 0.09
0.98 0.98 0.98
0.20 0.20 0.20
0.79 0.79 0.79
0.22 0.22 0.22
0.44 0.44 0.44
0.91 0.91 0.91
0.70 0.70 0.70
0.30 0.30 0.30
0.17 0.17 0.17
0.97 0.97 0.97
0.87 0.87 0.87
0.42 0.42 0.42
0.80 0.80 0.80
0.59 0.59 0.59
0.48 0.48 0.48
0.96 0.96 0.96
0.65 0.65 0.65
0.29 0.29 0.29
0.40 0.40 0.40
0.16 0.16 0.16
0.33 0.33 0.33
0.19 0.19 0.19
0.76 0.76 0.76
0.60 0.60 0.60
0.23 0.23 0.23
0.63 0.63 0.63
0.48 0.48 0.48
0.49 0.49 0.49
0.76 0.76 0.76
0.99 0.99 0.99
0.60 0.60 0.60
0.71 0.71 0.71
0.11 0.11 0.11
0.82 0.82 0.82
0.76 0.76 0.76
0.02 0.02 0.02
0.76 0.76 0.76
0.56 0.56 0.56
0.98 0.98 0.98
0.99 0.99 0.99
0.72 0.72 0.72
0.94 0.94 0.94
0.18 0.18 0.18
0.63 0.63 0.63
0.69 0.69 0.69
0.24 0.24 0.24
0.11 0.11 0.11
0.99 0.99 0.99
0.09 0.09 0.09
0.69 0.69 0.69
0.46 0.46 0.46
0.46 0.46 0.46
0.29 0.29 0.29
0.03 0.03 0.03
0.73 0.73 0.73
0.98 0.98 0.98
0.16 0.16 0.16
0.38 0.38 0.38
0.99 0.99 0.99
0.55 0.55 0.55
0.28 0.28 0.28
0.60 0.60 0.60
0.66 0.66 0.66
0.93 0.93 0.93
0.36 0.36 0.36
0.91 0.91 0.91
0.76 0.76 0.76
0.60 0.60 0.60
0.48 0.48 0.48
0.63 0.63 0.63
0.44 0.44 0.44
0.98 0.98 0.98
0.98 0.98 0.98
0.15 0.15 0.15
0.33 0.33 0.33
0.48 0.48 0.48
0.36 0.36 0.36
0.36 0.36 0.36
0.84 0.84 0.84
0.80 0.80 0.80
0.99 0.99 0.99
0.87 0.87 0.87
0.12 0.12 0.12
0.59 0.59 0.59
0.08 0.08 0.08
0.07 0.07 0.07
0.30 0.30 0.30
0.32 0.32 0.32
0.24 0.24 0.24
0.39 0.39 0.39
0.32 0.32 0.32
1.00 1.00 1.00
0.90 0.90 0.90
0.88 0.88 0.88
0.99 0.99 0.99
0.52 0.52 0.52
0.20 0.20 0.20
0.58 0.58 0.58
0.38 0.38 0.38
0.77 0.77 0.77
0.30 0.30 0.30
0.09 0.09 0.09
0.03 0.03 0.03
0.87 0.87 0.87
0.13 0.13 0.13
0.08 0.08 0.08
0.06 0.06 0.06
0.90 0.90 0.90
0.24 0.24 0.24
0.61 0.61 0.61
0.96 0.96 0.96
0.95 0.95 0.95
0.93 0.93 0.93
0.97 0.97 0.97
0.96 0.96 0.96
0.98 0.98 0.98
0.99 0.99 0.99
0.62 0.62 0.62
0.94 0.94 0.94
0.85 0.85 0.85
0.94 0.94 0.94
0.66 0.66 0.66
0.88 0.88 0.88
0.82 0.82 0.82
0.99 0.99 0.99
0.59 0.59 0.59
0.60 0.60 0.60
0.90 0.90 0.90
0.95 0.95 0.95
0.91 0.91 0.91
0.69 0.69 0.69
0.40 0.40 0.40
0.96 0.96 0.96
0.98 0.98 0.98
0.65 0.65 0.65
0.39 0.39 0.39
0.96 0.96 0.96
0.98 0.98 0.98
0.92 0.92 0.92
0.82 0.82 0.82
0.91 0.91 0.91
0.93 0.93 0.93
0.13 0.13 0.13
0.93 0.93 0.93
0.02 0.02 0.02
0.06 0.06 0.06
0.29 0.29 0.29
0.05 0.05 0.05
0.96 0.96 0.96
0.61 0.61 0.61
0.81 0.81 0.81
0.97 0.97 0.97
0.90 0.90 0.90
0.90 0.90 0.90
0.31 0.31 0.31
0.96 0.96 0.96
0.65 0.65 0.65
0.82 0.82 0.82
0.98 0.98 0.98
0.93 0.93 0.93
0.69 0.69 0.69
0.48 0.48 0.48
0.85 0.85 0.85
0.99 0.99 0.99
0.96 0.96 0.96
1.00 1.00 1.00
0.92 0.92 0.92
0.59 0.59 0.59
0.98 0.98 0.98
0.99 0.99 0.99
0.17 0.17 0.17
0.20 0.20 0.20
0.58 0.58 0.58
0.76 0.76 0.76
0.98 0.98 0.98
0.88 0.88 0.88
0.81 0.81 0.81
0.87 0.87 0.87
0.84 0.84 0.84
0.83 0.83 0.83
0.17 0.17 0.17
0.21 0.21 0.21
0.73 0.73 0.73
0.77 0.77 0.77
0.74 0.74 0.74
0.59 0.59 0.59
0.82 0.82 0.82
0.81 0.81 0.81
0.81 0.81 0.81
0.99 0.99 0.99
0.14 0.14 0.14
0.98 0.98 0.98
0.98 0.98 0.98
0.94 0.94 0.94
0.52 0.52 0.52
0.36 0.36 0.36
1.00 1.00 1.00
0.98 0.98 0.98
0.56 0.56 0.56
0.57 0.57 0.57
0.28 0.28 0.28
0.96 0.96 0.96
0.01 0.01 0.01
0.04 0.04 0.04
0.71 0.71 0.71
0.98 0.98 0.98
0.42 0.42 0.42
0.82 0.82 0.82
0.41 0.41 0.41
0.55 0.55 0.55
0.01 0.01 0.01
0.06 0.06 0.06
0.88 0.88 0.88
0.42 0.42 0.42
0.65 0.65 0.65
0.47 0.47 0.47
0.45 0.45 0.45
0.50 0.50 0.50
0.57 0.57 0.57
0.73 0.73 0.73
0.82 0.82 0.82
0.68 0.68 0.68
0.97 0.97 0.97
0.57 0.57 0.57
0.75 0.75 0.75
0.83 0.83 0.83
0.26 0.26 0.26
0.69 0.69 0.69
0.71 0.71 0.71
0.68 0.68 0.68
0.93 0.93 0.93
0.30 0.30 0.30
0.32 0.32 0.32
0.98 0.98 0.98
0.46 0.46 0.46
0.02 0.02 0.02
0.29 0.29 0.29
0.89 0.89 0.89
0.06 0.06 0.06
0.98 0.98 0.98
0.87 0.87 0.87
0.93 0.93 0.93
0.62 0.62 0.62
0.49 0.49 0.49
0.47 0.47 0.47
0.86 0.86 0.86
0.69 0.69 0.69
0.88 0.88 0.88
0.75 0.75 0.75
0.85 0.85 0.85
0.61 0.61 0.61
0.57 0.57 0.57
0.67 0.67 0.67
0.69 0.69 0.69
0.09 0.09 0.09
0.58 0.58 0.58
0.09 0.09 0.09
0.79 0.79 0.79
0.17 0.17 0.17
0.56 0.56 0.56
0.66 0.66 0.66
0.75 0.75 0.75
1.00 1.00 1.00
0.77 0.77 0.77
0.76 0.76 0.76
0.97 0.97 0.97
0.01 0.01 0.01
0.74 0.74 0.74
0.77 0.77 0.77
0.31 0.31 0.31
0.58 0.58 0.58
0.94 0.94 0.94
0.76 0.76 0.76
0.13 0.13 0.13
0.77 0.77 0.77
0.19 0.19 0.19
0.57 0.57 0.57
0.08 0.08 0.08
0.14 0.14 0.14
0.13 0.13 0.13
0.98 0.98 0.98
0.06 0.06 0.06
0.58 0.58 0.58
0.67 0.67 0.67
0.05 0.05 0.05
0.22 0.22 0.22
0.80 0.80 0.80
0.76 0.76 0.76
0.12 0.12 0.12
0.78 0.78 0.78
0.62 0.62 0.62
0.33 0.33 0.33
0.11 0.11 0.11
0.92 0.92 0.92
0.36 0.36 0.36
0.86 0.86 0.86
0.25 0.25 0.25
0.37 0.37 0.37
0.56 0.56 0.56
0.66 0.66 0.66
0.48 0.48 0.48
0.79 0.79 0.79
0.66 0.66 0.66
0.60 0.60 0.60
0.91 0.91 0.91
0.96 0.96 0.96
0.78 0.78 0.78
0.18 0.18 0.18
0.40 0.40 0.40
0.62 0.62 0.62
0.56 0.56 0.56
0.29 0.29 0.29
0.98 0.98 0.98
0.08 0.08 0.08
0.90 0.90 0.90
0.49 0.49 0.49
0.23 0.23 0.23
0.06 0.06 0.06
0.44 0.44 0.44
0.74 0.74 0.74
0.24 0.24 0.24
0.98 0.98 0.98
0.62 0.62 0.62
0.06 0.06 0.06
0.48 0.48 0.48
0.23 0.23 0.23
0.37 0.37 0.37
0.83 0.83 0.83
0.29 0.29 0.29
0.48 0.48 0.48
0.59 0.59 0.59
0.94 0.94 0.94
0.57 0.57 0.57
0.11 0.11 0.11
0.95 0.95 0.95
0.09 0.09 0.09
0.10 0.10 0.10
0.65 0.65 0.65
0.56 0.56 0.56
0.31 0.31 0.31
0.72 0.72 0.72
0.84 0.84 0.84
0.41 0.41 0.41
0.55 0.55 0.55
0.14 0.14 0.14
0.77 0.77 0.77
0.35 0.35 0.35
0.20 0.20 0.20
0.77 0.77 0.77
0.77 0.77 0.77
0.22 0.22 0.22
0.73 0.73 0.73
0.25 0.25 0.25
0.69 0.69 0.69
0.24 0.24 0.24
0.13 0.13 0.13
0.94 0.94 0.94
0.67 0.67 0.67
0.69 0.69 0.69
0.54 0.54 0.54
0.29 0.29 0.29
0.46 0.46 0.46
0.96 0.96 0.96
0.56 0.56 0.56
0.17 0.17 0.17
0.46 0.46 0.46
0.47 0.47 0.47
0.76 0.76 0.76
0.38 0.38 0.38
0.02 0.02 0.02
0.79 0.79 0.79
0.44 0.44 0.44
0.30 0.30 0.30
0.97 0.97 0.97
0.63 0.63 0.63
0.66 0.66 0.66
0.12 0.12 0.12
0.97 0.97 0.97
0.61 0.61 0.61
0.75 0.75 0.75
0.08 0.08 0.08
0.21 0.21 0.21
0.96 0.96 0.96
0.09 0.09 0.09
0.60 0.60 0.60
0.53 0.53 0.53
0.58 0.58 0.58
0.14 0.14 0.14
0.59 0.59 0.59
0.45 0.45 0.45
0.29 0.29 0.29
0.95 0.95 0.95
0.99 0.99 0.99
0.69 0.69 0.69
0.83 0.83 0.83
0.39 0.39 0.39
0.19 0.19 0.19
0.28 0.28 0.28
0.32 0.32 0.32
0.93 0.93 0.93
0.79 0.79 0.79
0.20 0.20 0.20
0.47 0.47 0.47
0.90 0.90 0.90
0.06 0.06 0.06
0.61 0.61 0.61
0.95 0.95 0.95
0.76 0.76 0.76
0.85 0.85 0.85
0.03 0.03 0.03
0.60 0.60 0.60
0.60 0.60 0.60
0.04 0.04 0.04
0.09 0.09 0.09
0.93 0.93 0.93
0.32 0.32 0.32
0.13 0.13 0.13
0.22 0.22 0.22
0.47 0.47 0.47
0.58 0.58 0.58
0.40 0.40 0.40
0.08 0.08 0.08
0.41 0.41 0.41
0.05 0.05 0.05
0.14 0.14 0.14
0.76 0.76 0.76
0.52 0.52 0.52
0.42 0.42 0.42
0.86 0.86 0.86
0.86 0.86 0.86
0.29 0.29 0.29
0.48 0.48 0.48
0.81 0.81 0.81
0.56 0.56 0.56
0.41 0.41 0.41
0.95 0.95 0.95
0.34 0.34 0.34
1.00 1.00 1.00
0.93 0.93 0.93
0.63 0.63 0.63
0.84 0.84 0.84
0.87 0.87 0.87
0.92 0.92 0.92
0.88 0.88 0.88
0.07 0.07 0.07
0.36 0.36 0.36
0.35 0.35 0.35
0.31 0.31 0.31
0.78 0.78 0.78
0.98 0.98 0.98
1.00 1.00 1.00
0.98 0.98 0.98
0.60 0.60 0.60
0.82 0.82 0.82
0.28 0.28 0.28
0.17 0.17 0.17
0.21 0.21 0.21
0.35 0.35 0.35
0.91 0.91 0.91
0.27 0.27 0.27
0.92 0.92 0.92
0.06 0.06 0.06
0.39 0.39 0.39
0.96 0.96 0.96
0.98 0.98 0.98
0.22 0.22 0.22
0.06 0.06 0.06
0.23 0.23 0.23
0.67 0.67 0.67
0.94 0.94 0.94
0.05 0.05 0.05
0.63 0.63 0.63
0.00 0.00 0.00
0.83 0.83 0.83
0.03 0.03 0.03
0.36 0.36 0.36
0.92 0.92 0.92
0.17 0.17 0.17
0.33 0.33 0.33
0.16 0.16 0.16
0.73 0.73 0.73
0.16 0.16 0.16
0.14 0.14 0.14
0.27 0.27 0.27
0.25 0.25 0.25
0.62 0.62 0.62
0.15 0.15 0.15
0.57 0.57 0.57
0.30 0.30 0.30
0.92 0.92 0.92
0.34 0.34 0.34
0.58 0.58 0.58
0.58 0.58 0.58
0.44 0.44 0.44
0.46 0.46 0.46
0.62 0.62 0.62
0.74 0.74 0.74
0.25 0.25 0.25
0.83 0.83 0.83
0.26 0.26 0.26
0.25 0.25 0.25
0.04 0.04 0.04
0.41 0.41 0.41
0.44 0.44 0.44
0.17 0.17 0.17
0.46 0.46 0.46
0.06 0.06 0.06
0.68 0.68 0.68
0.12 0.12 0.12
0.85 0.85 0.85
0.19 0.19 0.19
0.35 0.35 0.35
0.97 0.97 0.97
0.37 0.37 0.37
0.97 0.97 0.97
0.93 0.93 0.93
0.76 0.76 0.76
0.90 0.90 0.90
0.10 0.10 0.10
0.06 0.06 0.06
0.64 0.64 0.64
0.19 0.19 0.19
0.99 0.99 0.99
0.92 0.92 0.92
0.03 0.03 0.03
0.21 0.21 0.21
0.89 0.89 0.89
0.12 0.12 0.12
0.97 0.97 0.97
0.36 0.36 0.36
0.80 0.80 0.80
0.97 0.97 0.97
0.46 0.46 0.46
0.87 0.87 0.87
0.74 0.74 0.74
0.15 0.15 0.15
0.34 0.34 0.34
0.92 0.92 0.92
0.70 0.70 0.70
0.11 0.11 0.11
0.40 0.40 0.40
0.74 0.74 0.74
0.88 0.88 0.88
0.60 0.60 0.60
0.36 0.36 0.36
0.58 0.58 0.58
0.68 0.68 0.68
0.50 0.50 0.50
0.62 0.62 0.62
0.75 0.75 0.75
0.93 0.93 0.93
0.49 0.49 0.49
0.72 0.72 0.72
0.85 0.85 0.85
0.53 0.53 0.53
0.30 0.30 0.30
0.54 0.54 0.54
0.77 0.77 0.77
1.00 1.00 1.00
0.19 0.19 0.19
0.22 0.22 0.22
0.24 0.24 0.24
0.84 0.84 0.84
0.16 0.16 0.16
0.73 0.73 0.73
0.62 0.62 0.62
0.19 0.19 0.19
0.44 0.44 0.44
0.88 0.88 0.88
0.02 0.02 0.02
0.04 0.04 0.04
0.00 0.00 0.00
0.89 0.89 0.89
0.67 0.67 0.67
0.97 0.97 0.97
0.09 0.09 0.09
0.88 0.88 0.88
0.96 0.96 0.96
0.12 0.12 0.12
0.60 0.60 0.60
0.39 0.39 0.39
0.47 0.47 0.47
0.48 0.48 0.48
0.56 0.56 0.56
0.92 0.92 0.92
0.92 0.92 0.92
0.69 0.69 0.69
0.50 0.50 0.50
0.55 0.55 0.55
0.49 0.49 0.49
0.12 0.12 0.12
0.35 0.35 0.35
0.43 0.43 0.43
0.46 0.46 0.46
0.19 0.19 0.19
0.73 0.73 0.73
0.20 0.20 0.20
0.79 0.79 0.79
0.31 0.31 0.31
0.20 0.20 0.20
0.98 0.98 0.98
0.90 0.90 0.90
0.96 0.96 0.96
0.79 0.79 0.79
0.44 0.44 0.44
0.98 0.98 0.98
0.27 0.27 0.27
0.87 0.87 0.87
0.21 0.21 0.21
0.08 0.08 0.08
0.83 0.83 0.83
0.02 0.02 0.02
0.11 0.11 0.11
0.33 0.33 0.33
0.90 0.90 0.90
0.84 0.84 0.84
0.88 0.88 0.88
1.00 1.00 1.00
0.70 0.70 0.70
0.64 0.64 0.64
0.02 0.02 0.02
0.05 0.05 0.05
0.05 0.05 0.05
0.41 0.41 0.41
0.92 0.92 0.92
0.95 0.95 0.95
0.59 0.59 0.59
0.38 0.38 0.38
0.02 0.02 0.02
0.33 0.33 0.33
0.08 0.08 0.08
0.65 0.65 0.65
0.11 0.11 0.11
0.17 0.17 0.17
0.34 0.34 0.34
0.45 0.45 0.45
0.45 0.45 0.45
0.75 0.75 0.75
0.95 0.95 0.95
0.46 0.46 0.46
0.12 0.12 0.12
0.06 0.06 0.06
0.65 0.65 0.65
0.46 0.46 0.46
0.18 0.18 0.18
0.95 0.95 0.95
0.44 0.44 0.44
0.41 0.41 0.41
0.41 0.41 0.41
0.60 0.60 0.60
0.81 0.81 0.81
0.39 0.39 0.39
0.53 0.53 0.53
0.41 0.41 0.41
0.86 0.86 0.86
0.78 0.78 0.78
0.99 0.99 0.99
0.99 0.99 0.99
0.70 0.70 0.70
0.32 0.32 0.32
0.72 0.72 0.72
0.34 0.34 0.34
0.73 0.73 0.73
0.95 0.95 0.95
0.69 0.69 0.69
0.83 0.83 0.83
0.57 0.57 0.57
1.00 1.00 1.00
0.19 0.19 0.19
0.96 0.96 0.96
0.05 0.05 0.05
0.73 0.73 0.73
0.63 0.63 0.63
0.73 0.73 0.73
0.10 0.10 0.10
0.59 0.59 0.59
0.49 0.49 0.49
0.99 0.99 0.99
0.35 0.35 0.35
0.72 0.72 0.72
0.52 0.52 0.52
0.28 0.28 0.28
0.55 0.55 0.55
0.82 0.82 0.82
0.03 0.03 0.03
0.84 0.84 0.84
0.30 0.30 0.30
0.52 0.52 0.52
0.41 0.41 0.41
0.44 0.44 0.44
0.36 0.36 0.36
0.85 0.85 0.85
0.80 0.80 0.80
0.99 0.99 0.99
0.12 0.12 0.12
0.77 0.77 0.77
0.01 0.01 0.01
0.71 0.71 0.71
0.60 0.60 0.60
0.01 0.01 0.01
0.63 0.63 0.63
0.61 0.61 0.61
0.95 0.95 0.95
0.99 0.99 0.99
0.44 0.44 0.44
0.18 0.18 0.18
0.99 0.99 0.99
0.08 0.08 0.08
0.61 0.61 0.61
0.75 0.75 0.75
0.29 0.29 0.29
0.12 0.12 0.12
0.99 0.99 0.99
0.68 0.68 0.68
0.01 0.01 0.01
0.76 0.76 0.76
0.62 0.62 0.62
0.17 0.17 0.17
0.82 0.82 0.82
0.93 0.93 0.93
0.95 0.95 0.95
0.89 0.89 0.89
0.96 0.96 0.96
0.37 0.37 0.37
0.03 0.03 0.03
0.18 0.18 0.18
0.32 0.32 0.32
0.56 0.56 0.56
0.45 0.45 0.45
0.93 0.93 0.93
0.99 0.99 0.99
0.88 0.88 0.88
0.12 0.12 0.12
0.01 0.01 0.01
0.33 0.33 0.33
0.25 0.25 0.25
0.82 0.82 0.82
0.77 0.77 0.77
0.47 0.47 0.47
0.99 0.99 0.99
0.49 0.49 0.49
0.88 0.88 0.88
0.87 0.87 0.87
0.45 0.45 0.45
0.17 0.17 0.17
0.64 0.64 0.64
0.57 0.57 0.57
0.47 0.47 0.47
0.60 0.60 0.60
0.16 0.16 0.16
0.28 0.28 0.28
0.76 0.76 0.76
0.99 0.99 0.99
0.67 0.67 0.67
0.29 0.29 0.29
0.65 0.65 0.65
0.26 0.26 0.26
0.97 0.97 0.97
0.88 0.88 0.88
0.96 0.96 0.96
0.57 0.57 0.57
0.45 0.45 0.45
0.90 0.90 0.90
0.50 0.50 0.50
0.76 0.76 0.76
0.31 0.31 0.31
0.17 0.17 0.17
0.03 0.03 0.03
0.98 0.98 0.98
0.22 0.22 0.22
0.19 0.19 0.19
0.76 0.76 0.76
0.09 0.09 0.09
0.99 0.99 0.99
0.73 0.73 0.73
0.99 0.99 0.99
0.93 0.93 0.93
0.08 0.08 0.08
0.39 0.39 0.39
0.60 0.60 0.60
0.22 0.22 0.22
0.25 0.25 0.25
0.51 0.51 0.51
0.01 0.01 0.01
0.75 0.75 0.75
0.72 0.72 0.72
0.91 0.91 0.91
0.54 0.54 0.54
0.33 0.33 0.33
0.94 0.94 0.94
0.36 0.36 0.36
0.09 0.09 0.09
0.39 0.39 0.39
0.30 0.30 0.30
0.77 0.77 0.77
0.28 0.28 0.28
0.56 0.56 0.56
0.97 0.97 0.97
0.60 0.60 0.60
0.95 0.95 0.95
0.49 0.49 0.49
0.62 0.62 0.62
0.35 0.35 0.35
0.90 0.90 0.90
0.77 0.77 0.77
0.00 0.00 0.00
0.56 0.56 0.56
0.98 0.98 0.98
0.37 0.37 0.37
0.53 0.53 0.53
0.35 0.35 0.35
0.23 0.23 0.23
0.74 0.74 0.74
0.33 0.33 0.33
0.32 0.32 0.32
0.81 0.81 0.81
0.38 0.38 0.38
0.36 0.36 0.36
0.12 0.12 0.12
0.82 0.82 0.82
0.04 0.04 0.04
0.81 0.81 0.81
0.06 0.06 0.06
0.77 0.77 0.77
0.23 0.23 0.23
0.99 0.99 0.99
0.61 0.61 0.61
0.61 0.61 0.61
0.98 0.98 0.98
0.98 0.98 0.98
0.59 0.59 0.59
0.94 0.94 0.94
0.96 0.96 0.96
0.94 0.94 0.94
0.79 0.79 0.79
0.88 0.88 0.88
0.77 0.77 0.77
0.72 0.72 0.72
0.17 0.17 0.17
1.00 1.00 1.00
0.50 0.50 0.50
0.45 0.45 0.45
0.74 0.74 0.74
0.98 0.98 0.98
0.56 0.56 0.56
0.63 0.63 0.63
0.87 0.87 0.87
0.98 0.98 0.98
0.74 0.74 0.74
0.95 0.95 0.95
0.46 0.46 0.46
0.73 0.73 0.73
0.80 0.80 0.80
0.19 0.19 0.19
0.22 0.22 0.22
0.14 0.14 0.14
0.89 0.89 0.89
0.86 0.86 0.86
0.18 0.18 0.18
0.68 0.68 0.68
0.98 0.98 0.98
0.82 0.82 0.82
0.93 0.93 0.93
0.72 0.72 0.72
0.42 0.42 0.42
0.71 0.71 0.71
0.70 0.70 0.70
0.81 0.81 0.81
0.35 0.35 0.35
0.88 0.88 0.88
1.00 1.00 1.00
0.28 0.28 0.28
0.32 0.32 0.32
0.95 0.95 0.95
0.42 0.42 0.42
0.28 0.28 0.28
0.94 0.94 0.94
0.47 0.47 0.47
0.59 0.59 0.59
0.44 0.44 0.44
0.93 0.93 0.93
0.57 0.57 0.57
0.45 0.45 0.45
0.77 0.77 0.77
0.08 0.08 0.08
0.83 0.83 0.83
0.26 0.26 0.26
0.93 0.93 0.93
0.49 0.49 0.49
0.80 0.80 0.80
0.98 0.98 0.98
0.98 0.98 0.98
0.85 0.85 0.85
0.02 0.02 0.02
0.03 0.03 0.03
0.09 0.09 0.09
0.02 0.02 0.02
0.03 0.03 0.03
0.78 0.78 0.78
0.68 0.68 0.68
0.33 0.33 0.33
0.11 0.11 0.11
0.98 0.98 0.98
0.79 0.79 0.79
0.09 0.09 0.09
0.44 0.44 0.44
0.91 0.91 0.91
0.16 0.16 0.16
0.86 0.86 0.86
0.06 0.06 0.06
0.56 0.56 0.56
0.37 0.37 0.37
0.87 0.87 0.87
0.22 0.22 0.22
0.48 0.48 0.48
0.42 0.42 0.42
0.98 0.98 0.98
0.42 0.42 0.42
0.38 0.38 0.38
0.79 0.79 0.79
0.59 0.59 0.59
0.94 0.94 0.94
0.36 0.36 0.36
0.48 0.48 0.48
0.09 0.09 0.09
0.89 0.89 0.89
0.11 0.11 0.11
0.26 0.26 0.26
0.16 0.16 0.16
0.04 0.04 0.04
0.69 0.69 0.69
0.65 0.65 0.65
0.33 0.33 0.33
0.08 0.08 0.08
0.96 0.96 0.96
0.17 0.17 0.17
1.00 1.00 1.00
0.93 0.93 0.93
0.98 0.98 0.98
0.63 0.63 0.63
0.81 0.81 0.81
0.25 0.25 0.25
0.23 0.23 0.23
0.80 0.80 0.80
0.67 0.67 0.67
0.45 0.45 0.45
0.23 0.23 0.23
0.39 0.39 0.39
0.79 0.79 0.79
0.80 0.80 0.80
0.84 0.84 0.84
0.43 0.43 0.43
0.06 0.06 0.06
0.02 0.02 0.02
0.23 0.23 0.23
0.59 0.59 0.59
0.24 0.24 0.24
0.92 0.92 0.92
0.51 0.51 0.51
0.31 0.31 0.31
0.69 0.69 0.69
0.34 0.34 0.34
0.71 0.71 0.71
0.50 0.50 0.50
0.36 0.36 0.36
0.15 0.15 0.15
0.25 0.25 0.25
0.62 0.62 0.62
0.03 0.03 0.03
0.26 0.26 0.26
0.81 0.81 0.81
0.56 0.56 0.56
0.33 0.33 0.33
0.28 0.28 0.28
0.31 0.31 0.31
0.68 0.68 0.68
0.57 0.57 0.57
0.14 0.14 0.14
0.59 0.59 0.59
0.45 0.45 0.45
0.40 0.40 0.40
0.93 0.93 0.93
0.86 0.86 0.86
0.67 0.67 0.67
0.99 0.99 0.99
0.16 0.16 0.16
0.98 0.98 0.98
0.83 0.83 0.83
0.01 0.01 0.01
0.77 0.77 0.77
0.77 0.77 0.77
0.59 0.59 0.59
0.52 0.52 0.52
0.94 0.94 0.94
0.11 0.11 0.11
0.62 0.62 0.62
0.62 0.62 0.62
0.19 0.19 0.19
0.69 0.69 0.69
0.55 0.55 0.55
0.32 0.32 0.32
0.27 0.27 0.27
0.38 0.38 0.38
0.98 0.98 0.98
0.84 0.84 0.84
0.14 0.14 0.14
0.42 0.42 0.42
0.46 0.46 0.46
0.22 0.22 0.22
0.24 0.24 0.24
0.24 0.24 0.24
0.45 0.45 0.45
0.62 0.62 0.62
0.59 0.59 0.59
0.38 0.38 0.38
0.29 0.29 0.29
0.46 0.46 0.46
0.89 0.89 0.89
0.25 0.25 0.25
0.45 0.45 0.45
0.93 0.93 0.93
0.56 0.56 0.56
0.01 0.01 0.01
0.76 0.76 0.76
0.98 0.98 0.98
0.32 0.32 0.32
0.77 0.77 0.77
0.61 0.61 0.61
0.84 0.84 0.84
0.97 0.97 0.97
0.72 0.72 0.72
0.77 0.77 0.77
0.94 0.94 0.94
0.51 0.51 0.51
0.40 0.40 0.40
0.87 0.87 0.87
0.94 0.94 0.94
0.93 0.93 0.93
0.09 0.09 0.09
0.96 0.96 0.96
1.00 1.00 1.00
0.27 0.27 0.27
0.87 0.87 0.87
1.00 1.00 1.00
