58 5 58.62 -8.12 -0.60 -2.77 -3.05
58 5 58.62 -8.12 -0.45 -2.77 -3.05
66 1 58.90 -8.29 0.00 -1.67 -2.44
66 5 58.90 -8.29 -0.50 -1.67 -2.44
74 6 58.62 13.74 -0.18 -0.44 -0.36
74 9 58.62 13.74 -0.38 -0.44 -0.36
138 6 58.62 -8.12 -0.53 1.51 0.90
138 9 58.62 -8.12 -0.38 1.51 0.90
144 0 59.76 11.84 -7.74 3.10 -1.34
144 1 59.76 11.84 0.13 3.10 -1.34
659 3 59.76 -6.23 -0.54 0.08 -1.08
659 6 59.76 -6.23 -0.07 0.08 -1.08
924 3 59.76 11.84 -0.54 -0.08 1.08
924 6 59.76 11.84 -0.07 -0.08 1.08
939 5 58.62 13.74 -0.60 2.77 3.05
939 5 58.62 13.74 -0.45 2.77 3.05
971 4 58.90 -8.29 -0.54 -18.00 -13.38
971 5 58.90 -8.29 -0.50 -18.00 -13.38
1097 4 58.90 -8.29 -0.54 1.38 0.67
1097 6 58.90 -8.29 -0.24 1.38 0.67
1120 5 58.62 13.74 -0.60 -7.05 -4.81
1120 6 58.62 13.74 -0.53 -7.05 -4.81
1176 0 58.62 -8.12 0.00 0.28 0.32
1176 6 58.62 -8.12 -0.18 0.28 0.32
1205 3 59.76 -6.23 0.00 0.92 -0.99
1205 6 59.76 -6.23 -0.07 0.92 -0.99
1278 6 58.62 -8.12 -0.18 0.44 0.36
1278 9 58.62 -8.12 -0.38 0.44 0.36
1332 3 58.62 -8.12 -0.11 -1.37 -2.22
1332 5 58.62 -8.12 -0.45 -1.37 -2.22
1418 1 59.76 -6.23 0.00 -12.82 3.04
1418 3 59.76 -6.23 0.22 -12.82 3.04
1436 1 58.90 13.90 0.00 1.67 2.44
1436 5 58.90 13.90 -0.50 1.67 2.44
1480 0 58.62 13.74 0.00 -0.28 -0.32
1480 6 58.62 13.74 -0.18 -0.28 -0.32
1495 0 58.62 -8.12 0.00 -1.53 -2.24
1495 3 58.62 -8.12 -0.11 -1.53 -2.24
1522 0 58.62 13.74 0.00 3.00 -2.42
1522 0 58.62 13.74 0.48 3.00 -2.42
1535 0 58.62 -8.12 0.00 -3.00 2.41
1535 0 58.62 -8.12 0.48 -3.00 2.41
1565 5 58.62 -8.12 -0.60 7.05 4.81
1565 6 58.62 -8.12 -0.53 7.05 4.81
1608 4 58.90 13.90 -0.54 18.00 13.38
1608 5 58.90 13.90 -0.50 18.00 13.38
1664 3 59.76 11.84 0.00 -0.92 0.99
1664 6 59.76 11.84 -0.07 -0.92 0.99
1719 0 59.76 -6.23 -7.74 -3.10 1.34
1719 1 59.76 -6.23 0.13 -3.10 1.34
1720 4 58.90 13.90 -0.54 -1.38 -0.67
1720 6 58.90 13.90 -0.24 -1.38 -0.67
1815 1 59.76 11.84 0.00 12.77 -3.02
1815 3 59.76 11.84 0.22 12.77 -3.02
1848 0 58.62 13.74 0.00 1.53 2.24
1848 3 58.62 13.74 -0.11 1.53 2.24
2001 6 58.62 13.74 -0.53 -1.51 -0.90
2001 9 58.62 13.74 -0.38 -1.51 -0.90
2002 3 58.62 13.74 -0.11 1.37 2.22
2002 5 58.62 13.74 -0.45 1.37 2.22
